9
# Grid: 0=empty, 1..N=given
1,0,3,4,0,6,7,0,9
2,0,4,5,0,7,8,9,1
3,0,5,6,0,8,9,0,2
4,0,6,7,0,9,1,0,3
5,0,7,8,0,1,2,0,4
6,0,8,9,0,2,3,0,5
7,0,9,1,0,3,4,0,6
8,0,1,2,0,4,5,0,7
9,0,2,3,0,5,6,0,8
# Horizontal constraints: 0=none, 1=<, -1=>
1,0,1,0,0,1,0,1
0,1,0,1,0,0,1,0
1,0,0,1,0,1,0,0
0,1,0,0,1,0,1,0
1,0,1,0,0,1,0,1
0,1,0,-1,0,0,1,0
1,0,0,1,0,1,0,0
0,-1,0,0,1,0,1,0
-1,0,1,0,0,1,0,1
# Vertical constraints: 0=none, 1=<, -1=>
1,0,1,0,0,1,0,1,0
0,1,0,1,0,0,1,0,1
1,0,0,1,0,1,0,0,1
0,1,0,0,1,0,1,0,0
1,0,1,0,0,1,0,1,0
0,1,0,-1,0,0,1,0,1
1,0,0,1,0,1,0,0,1
0,-1,0,0,1,0,1,0,0
